1 99
0.99 100
0.98 101
0.97 109
0.96 99
0.95 100
0.94 103
0.93 100
0.92 96
0.91 95
0.9 99
0.89 105
0.88 96
0.87 104
0.86 89
0.85 101
0.84 93
0.83 100
0.82 95
0.81 95
0.8 96
0.79 95
0.78 91
0.77 92
0.76 93
0.75 89
0.74 94
0.73 94
0.72 90
0.71 88
0.7 93
0.69 95
0.68 89
0.67 92
0.66 86
0.65 92
0.64 87
0.63 87
0.62 86
0.61 96
0.6 85
0.59 86
0.58 82
0.57 82
0.56 86
0.55 86
0.54 96
0.53 86
0.52 86
0.51 80
0.5 89
0.49 82
0.48 83
0.47 82
0.46 83
0.45 81
0.44 79
0.43 82
0.42 103
0.41 80
0.4 80
0.39 82
0.38 79
0.37 78
0.36 79
0.35 73
0.34 76
0.33 79
0.32 78
0.31 71
0.3 68
0.29 68
0.28 77
0.27 71
0.26 62
0.25 69
0.24 75
0.23 60
0.22 66
0.21 60
0.2 69
0.19 70
0.18 74
0.17 62
0.16 55
0.15 58
0.14 56
0.13 51
0.12 50
0.11 48
0.1 55
0.09 48
0.08 44
0.07 45
0.06 42
0.05 38
0.04 31
0.03 25
0.02 21
0.01 8
