0.5 21605
0.49 21235
0.48 21068
0.47 21115
0.46 20786
0.45 22717
0.44 20147
0.43 21899
0.42 19876
0.41 19472
0.4 19848
0.39 23912
0.38 20642
0.37 19180
0.36 22597
0.35 19093
0.34 18710
0.33 19607
0.32 19346
0.31 66725
0.3 19228
0.29 18042
0.28 18854
0.27 18925
0.26 18066
0.25 17935
0.24 17319
0.23 17602
0.22 17953
0.21 16593
0.2 17372
0.19 16090
0.18 16572
0.17 26980
0.16 16129
0.15 14344
0.14 14587
0.13 14170
0.12 14789
0.11 14136
0.1 13288
0.09 13282
0.08 11608
0.07 11863
0.06 11182
0.05 10784
0.04 10360
0.03 8207
0.02 6630
0.01 3836
