19 5000
16 4999
20 4998
23 4997
21 4996
21 4995
20 4994
19 4993
17 4992
22 4991
22 4990
22 4989
24 4988
23 4987
20 4986
22 4985
14 4984
17 4983
20 4982
19 4981
22 4980
22 4979
24 4978
19 4977
26 4976
21 4975
20 4974
16 4973
20 4972
19 4971
22 4970
21 4969
20 4968
17 4967
16 4966
21 4965
23 4964
22 4963
18 4962
21 4961
22 4960
23 4959
20 4958
20 4957
19 4956
24 4955
22 4954
18 4953
17 4952
16 4951
19 4950
17 4949
16 4948
23 4947
18 4946
25 4945
18 4944
23 4943
15 4942
17 4941
24 4940
18 4939
27 4938
23 4937
20 4936
20 4935
24 4934
25 4933
18 4932
19 4931
21 4930
22 4929
19 4928
19 4927
19 4926
16 4925
18 4924
17 4923
25 4922
22 4921
18 4920
21 4919
25 4918
25 4917
21 4916
