10 63
20 122
30 196
40 376
50 1084
60 1717
70 1256
80 1352
90 4185
100 839
110 5369
120 12615
130 6139
140 13518
150 15533
160 7320
170 3724
180 18869
190 7748
200 14888
210 10332
220 8472
230 4412
240 33442
250 30836
260 18041
270 25037
280 39338
290 12834
300 48560
310 14926
320 24903
330 11466
340 63168
350 10318
360 69580
370 28455
380 53567
390 39844
400 22378
410 17320
420 54888
430 50106
440 83151
450 45244
460 142126
470 47887
480 49607
490 100618
500 98844
510 45968
520 58176
530 33564
540 188359
550 66776
560 66924
570 211378
580 70472
590 154363
600 112853
610 192205
620 282356
630 298977
640 113105
650 233851
660 80054
670 268973
680 165476
690 34430
700 156059
710 95831
720 123004
730 306546
740 71073
750 184878
760 94044
770 249021
780 303433
790 329674
800 218404
810 62089
820 725002
830 416426
840 264066
850 84842
860 117381
870 153905
880 201814
890 136300
900 264534
910 241141
920 519803
930 879253
940 147527
950 277428
960 158783
970 411342
980 78376
990 210934
1000 613582
1010 501774
1020 333123
1030 560001
1040 418184
1050 787533
1060 363468
1070 341494
1080 88486
1090 277524
1100 910064
1110 226691
1120 621620
1130 122246
1140 368866
1150 358350
1160 410414
1170 409774
1180 619039
1190 1151080
1200 166245
1210 306625
1220 199133
1230 815259
1240 646622
1250 1709984
1260 983351
1270 444862
1280 583667
1290 481036
1300 810129
1310 648130
1320 350745
1330 348423
1340 766383
1350 164921
1360 102985
1370 318146
1380 457301
1390 980861
1400 228907
1410 250962
1420 664994
1430 2428047
1440 205862
1450 188223
1460 451957
1470 1498468
1480 1229244
1490 1438088
1500 420591
1510 671535
1520 277307
1530 567341
1540 224114
1550 491786
1560 887907
1570 342384
1580 509237
1590 865414
1600 1174873
1610 591947
1620 410158
1630 1585161
1640 847365
1650 1766578
1660 831391
1670 1039120
1680 2352914
1690 1078271
1700 1208008
1710 1192822
1720 1500930
1730 288593
1740 1309405
1750 2368654
1760 552295
1770 721872
1780 628595
1790 1812341
1800 655540
1810 1657666
1820 720926
1830 732998
1840 1765152
1850 1021259
1860 2060396
1870 1210489
1880 569750
1890 1830856
1900 457319
1910 2991488
1920 2507572
1930 1584758
1940 1174317
1950 949820
1960 674564
1970 2367022
1980 417310
1990 644173
2000 701625
2010 1694335
2020 1452106
2030 525106
2040 310607
2050 1742670
2060 2070952
2070 405667
2080 925942
2090 1357066
2100 1180245
2110 728945
2120 2589402
2130 437625
2140 1444287
2150 1106401
2160 1288942
2170 2468877
2180 2172942
2190 2245803
2200 3171893
2210 439304
2220 4722687
2230 708966
2240 1096750
2250 2519357
2260 700966
2270 3130899
2280 4533363
2290 3295615
2300 1403909
2310 930736
2320 786216
2330 2447372
2340 1371291
2350 2022056
2360 3362686
2370 1170529
2380 1509849
2390 2531772
2400 996644
2410 422082
2420 1832105
2430 992451
2440 1950658
2450 2366274
2460 4468665
2470 2375428
2480 1819888
2490 621215
2500 1078839
2510 1350278
2520 1582491
2530 1084619
2540 1838090
2550 2778232
2560 1467780
2570 4241028
2580 5804056
2590 1055742
2600 2232591
2610 3915296
2620 3799186
2630 1290049
2640 1826328
2650 1903962
2660 1910396
2670 566365
2680 4443092
2690 3730532
2700 2433057
2710 1864397
2720 729542
2730 1702946
2740 1047084
2750 7686004
2760 1953914
2770 1404121
2780 1121463
2790 4744060
2800 1383231
2810 1410842
2820 12682152
2830 5271957
2840 7886314
2850 1141185
2860 5802052
2870 3485774
2880 1037030
2890 5112618
2900 7922869
2910 2911772
2920 6781570
2930 3588213
2940 1181555
2950 1252859
2960 4466698
2970 2095324
2980 1294545
2990 2938859
3000 1415331
3010 1195654
3020 2487506
3030 3093817
3040 1668282
3050 714504
3060 2103866
3070 1487551
3080 6368734
3090 1072415
3100 2038474
3110 2351497
3120 1320946
3130 1816290
3140 4058227
3150 3077121
3160 13176617
3170 1304705
3180 5335893
3190 4640014
3200 4890360
3210 11837245
3220 1776201
3230 2673297
3240 8745098
3250 8597296
3260 3682138
3270 6479413
3280 1144187
3290 10534223
3300 3017549
3310 2071730
3320 1080882
3330 3117131
3340 9596024
3350 3448609
3360 2167819
3370 6663515
3380 2760366
3390 2385598
3400 3834182
3410 2795353
3420 3596453
3430 640644
3440 1582346
3450 1453530
3460 1278510
3470 3040663
3480 4554106
3490 7691425
3500 5091835
3510 8940532
3520 1776445
3530 7141357
3540 3273409
3550 1771053
3560 1467605
3570 2179557
3580 5631713
3590 1577265
3600 3579065
3610 1881231
3620 6043810
3630 2114688
3640 1084237
3650 1614950
3660 4757378
3670 3786359
3680 11147818
3690 6400102
3700 2720901
3710 1171210
3720 2857814
3730 3498700
3740 14959153
3750 5681525
3760 743005
3770 3308150
3780 2217854
3790 4349672
3800 2275414
3810 6904638
3820 8179423
3830 25487790
3840 1987502
3850 4233944
3860 4816714
3870 6035278
3880 21662914
3890 1787751
3900 1946592
3910 4495455
3920 1734522
3930 5285935
3940 25631011
3950 10395615
3960 7756442
3970 5645693
3980 3075514
3990 1561958
4000 3418675
4010 11354416
4020 1647043
4030 4363783
4040 2120239
4050 7989813
4060 23269319
4070 8178251
4080 4047070
4090 2209476
4100 2047483
4110 6714293
4120 4236068
4130 3712043
4140 11654052
4150 1687725
4160 15502211
4170 3045201
4180 5291693
4190 3652087
4200 2812413
4210 3860524
4220 2858036
4230 7730395
4240 4009515
4250 2551049
4260 4200754
4270 1279481
4280 3195575
4290 5883606
4300 13155240
4310 23016429
4320 1643867
4330 4034087
4340 3712101
4350 6351181
4360 7723256
4370 5512014
4380 3787695
4390 3710524
4400 2144667
4410 3668194
4420 12251847
4430 5676388
4440 2314530
4450 8901014
4460 7157330
4470 2394569
4480 6897243
4490 23516751
4500 3911041
4510 6805236
4520 5316366
4530 11366928
4540 4447762
4550 4831640
4560 14579583
4570 2298671
4580 6583971
4590 2378630
4600 8739871
4610 3051670
4620 3108673
4630 2673664
4640 10287431
4650 7585298
4660 26631851
4670 13654357
4680 15197284
4690 7586933
4700 20585550
4710 23238479
4720 9229350
4730 5912244
4740 5597678
4750 8906959
4760 7349023
4770 3470867
4780 12002962
4790 1729343
4800 3829726
4810 10561929
4820 12069763
4830 3717159
4840 3947270
4850 13699298
4860 3690733
4870 9291073
4880 4037787
4890 10927805
4900 9204398
4910 4359023
4920 5546748
4930 6547989
4940 10376304
4950 10111666
4960 3275346
4970 4912530
4980 16071650
4990 6256653
